9146
7806
7500
6007
5271
1019
5987
1469
7059
6934
9743
4983
846
5303
4516
4734
2461
5844
4950
2723
1829
3449
3363
4305
8247
9175
3142
1045
5292
5229
4524
9071
7608
9168
9730
4342
3523
5551
9350
2496
5246
4912
6213
5048
2215
6758
1980
3973
9669
9891
7857
3845
4435
144
9706
4889
7466
7599
7558
5889
3112
1593
4833
1007
8600
8985
5881
5608
6259
1017
1404
3546
3951
9342
8829
4700
805
4874
2237
7007
3269
6748
7602
6479
5103
954
9829
2672
8208
7358
5967
2954
8124
7537
8910
479
7373
5667
5260
2103
9079
5039
4154
9393
6232
8884
6700
8320
8609
9002
7576
3888
4595
1372
3429
7533
5917
6988
4966
3516
9310
9323
3923
2450
6977
714
5929
624
2697
999
9309
8695
5520
7718
6943
1557
2608
2543
9197
3983
7695
8734
678
3336
4257
546
420
5557
4967
5841
4456
2163
2342
9682
1360
163
2421
6733
7504
6569
6999
4690
7711
5669
2390
6452
1381
5288
9117
3690
3293
8631
3634
8627
9339
1815
409
1158
1591
2231
5950
324
2606
9299
3569
8561
951
877
523
7580
7820
6196
2431
7200
1554
6017
4540
4960
5335
9555
3083
1532
2493
5629
6081
3598
9674
1819
4129
7988
6413
1519
2263
3768
2312
5770
1155
789
1173
72
2371
3683
2388
6138
1720
9506
4064
9562
7050
9793
1741
9960
9007
2320
5827
1609
4329
2403
2294
2970
6056
7640
5679
7415
1569
1774
4589
9502
1987
9882
7243
4525
2121
7205
7045
5621
6651
5305
518
7291
4653
4577
3358
2037
6647
6868
8388
2242
9623
905
3077
2078
851
3102
6131
1030
1586
779
4994
9469
1246
3623
2631
358
2537
584
9606
1926
4460
5840
4075
6941
4298
7319
1397
1783
8685
4942
1014
2588
8
8652
4096
2280
3128
7860
8307
6524
9040
1082
7753
4497
4791
6586
2034
2480
6162
7010
6354
9061
3338
9567
2274
2818
5620
1740
2838
6035
3790
2955
9095
4175
1032
4326
5159
1888
5962
4510
3361
931
6000
8630
1732
7448
3953
6266
3265
4120
1566
5153
3314
3585
7494
939
7702
1630
551
1229
3825
7574
4655
4506
4733
9717
2045
2913
4457
4751
2691
8460
2693
3098
8616
7067
9797
9277
4483
4642
4806
2614
9057
2310
7183
6590
4495
3009
1251
5208
1963
9223
849
2372
2035
3114
5579
6255
9113
913
6461
5891
1667
9788
1674
8475
7520
647
8238
5479
1796
2492
1705
4836
5071
1787
8795
4512
4194
7963
5733
278
4910
7331
5231
9449
3140
7471
5192
8304
4583
4807
9391
4200
5092
7661
4418
9366
8113
6369
6115
5065
8624
4911
8138
5200
2311
1743
7697
5954
8030
7819
342
8604
6490
1928
4052
1840
6424
6729
7645
1061
3171
6505
6134
8559
7763
5510
115
1016
1204
1854
4737
2788
6619
4609
4380
1021
2600
1702
9012
8262
4551
2717
1426
4756
9956
685
5763
6282
5890
3960
3562
4001
3397
5281
7779
8295
1867
809
5949
3380
