-745021006
-1963834128
52716538
214793219
389070470
815810735
351824656
-1952764487
-793346099
-827669454
379578332
1388433707
1981855333
1082101436
-1779394676
1686249609
504428534
104507330
-1028978612
636528261
-909742572
2142173555
-1729232215
-857801553
443003692
-688700916
-1431250007
-864116593
-95880260
29946218
1648732029
1627158959
1137939910
-838539322
600454297
873070502
1384230331
1725175360
-86656435
-1748443496
-1589147710
1281691812
1480732939
-1704404108
255280172
2048772627
793269475
-1626426997
-1591832068
-1034006209
660839966
-1975234627
552167943
1354685650
1394939275
-1756759568
-1922162836
-12312350
573116962
400342811
-540108706
2085658446
-213041480
-2023473747
1745549670
-944956701
-1460320354
-1391221294
-359776056
-390403310
-687995903
1103317610
-2031152500
1151118553
-167634662
1406622084
-615865573
-1239191740
-286146494
-1159995160
1541426669
876789520
-843335351
1862931989
-133476974
44016980
408171832
-1502220877
-394984792
-1622972416
-2144232762
944084422
-2062529738
77773093
-2068905955
547087554
-969240855
266202508
-1505580627
2124520776
1640096770
-1725527283
-702590340
-641603063
-1292770243
1052401148
-1763594502
105835892
1748323207
1037847891
1142949539
1889343389
511270683
-1753400376
-445830791
-1426574611
2032300974
615662570
1243105213
-1311454281
-594015399
-446144086
2135812340
-1795426173
-2121649402
1478603271
1091045538
-327927707
-807100485
1976004517
-793153022
-1523939063
1415813666
324534031
1535521325
736417105
362700337
182224332
189281424
-564775510
756066351
-1215739689
-1142692089
878632104
1655126065
576402368
349820236
1223898881
-5188390
1231822030
18626753
484982401
-1099803695
-917389723
-295024751
2082375930
1576380942
1189185539
251945555
-1501415813
-91444816
-668248094
-1677845307
564311943
-708523123
-162019344
341218536
719656203
-1506088973
1214212769
1769194992
1991410719
1227496207
790700994
1968986521
2093700336
-1392884980
-21843832
-890650067
173245452
1765357292
-1785560709
-200177596
1243054800
1045877137
1082388309
1789560208
-139227651
-1746614146
1462456387
-178912217
-1238909521
-890368983
292293533
1507630045
2001716650
1027799842
-1707423175
-290211263
-718327838
1289668595
1978380767
-1232287511
-295376035
1092245087
-1210058452
1547980272
-171848747
1029525752
-255592845
-1316745410
1224613513
-1303958700
563963300
-1718378119
1283160444
-1463467477
1567092601
-534071445
688147330
213376596
-1357817329
-1670313463
2030009696
330678331
-5238943
-1517772884
151028164
124298163
665979040
2035988090
-1385741804
557770253
420986893
-2027321840
-213459127
1630972574
1051516636
773710109
-2069886871
-2010157454
-285414392
1957193091
213420067
-1346532786
-1275499898
-1458467056
384717408
64378350
-1558083096
759953476
-1419120986
-1205909243
-1071155810
-16194094
-1584466419
-1043793864
-821479004
-32081013
505758593
297008881
-296287486
1557202225
-1429425113
1098926880
1875817988
680355062
134853227
132170581
-1695801514
-1872430844
1912293859
2003970742
12566282
-302964144
1259729727
814552516
1294736968
414129146
-1734550246
1990651568
116537260
-908547505
127763494
916643466
777718923
1216522148
-1990067468
2122750457
-878906066
-86859236
203699937
1028477276
-249874240
921460260
1498678337
-2038980573
-1180021110
-336770232
1405119680
-1051672501
-1998651027
2055154721
-1266559561
1702196610
1751818150
-1864502179
668011948
-79191195
-364221663
-78752627
-646977
531306521
-1021006130
1172180605
-262544741
1856839947
-428315956
-353235030
-1357999868
1359882930
-469551488
261525812
1160356501
1101366837
-1703879878
76446951
509478275
434905152
-2128725959
450579241
1175179279
1381078215
2130706447
-1603713571
-1421767516
962814208
-1043032908
415768818
1830565331
204760317
1926476559
699367245
636333404
891329710
582689484
277909822
-1016600069
1243743615
-1404648228
-50627215
-1116442054
-1046554999
-550245003
-205263155
-598986713
1952195785
1453146571
1778047723
1567802549
1837676418
1291998006
1151970781
-1347901834
353177748
1129279747
-1363712402
-1567394798
-240985761
387584397
1375748941
-1670798167
-685591642
694914545
-1169014114
-397432402
325345452
133378115
-1567496631
611294441
997049038
-2005529142
612473396
1085728049
901080314
-1745892757
479833596
577793078
-992522909
-1107306844
-1493841837
-1884411202
1334115855
-307795993
-1589149167
1524812459
-550400582
-1972099659
-220897033
1853621750
2112303304
1446104399
-1790899067
529955283
211260197
1553027649
-1344595865
-1315413609
892631856
-570746476
1649464658
404422875
231611273
-1675863754
-1726584812
-536026229
1803017236
-1689337160
1280263110
1468808175
1784768637
952571257
-941598582
1289589753
161602038
691213026
-953705355
1511693012
-141722998
1052759855
1524758412
806794157
-303566380
-1452756579
-578756900
1567463785
1607019049
-669727392
1819331899
-281970065
709476849
577818302
-861960109
-1060635734
1960184821
1646757529
610695724
-1639636174
1805825136
-1419083773
1106733382
19572704
1005265116
-1835305254
-1120668210
168658864
1801026662
-644040903
-1242808785
2134783256
1688336885
232833283
-1605371723
684234408
-208100513
-19623488
-97105471
583965219
1632044509
564843886
-1619627514
226289131
-1983871120
181521813
-1367974451
1386789964
-279476770
-292921364
1430861221
533388737
-1420697113
-988549259
-1711283780
-1841416741
-1702377343
1327932393
-1385528005
2072478605
717027095
998206916
1350589515
-1115808586
-370332670
912654243
695275653
1897294724
1249329749
-935110326
646259752
-973598758
